# GIMP colorrc
# 
# This file holds a list of recently used colors.

(color-history
    (color-rgba 1 1 1 1)
    (color-rgba 0.023529411764705882 0.031372549019607843 0.011764705882352941 1)
    (color-rgba 0.92156862745098034 0.85882352941176465 0.69803921568627447 1)
    (color-rgba 0.15686274509803921 0.15686274509803921 0.15686274509803921 1)
    (color-rgba 0.92156862745098034 0.81568627450980391 0.0078431372549019607 1)
    (color-rgba 0.56470588235294117 0.61176470588235299 0.69411764705882351 1)
    (color-rgba 0.12156862745098039 0.11764705882352941 0.12156862745098039 1)
    (color-rgba 0.090196078431372548 0.047058823529411764 0.047058823529411764 1)
    (color-rgba 0 0 0 1)
    (color-rgba 0 0.27377769823603743 0.70568561872909696 1)
    (color-rgba 0.085663622543476634 0.059235482929676134 0.096989966555183993 1)
    (color-rgba 0.14117647707462311 0.086274512112140656 0.16470588743686676 1)
    (color-rgba 0.17254902422428131 0.12156863510608673 0.18823531270027161 1)
    (color-rgba 0.48829431438127091 0.4003485089314423 0.042602859644003496 1)
    (color-rgba 0.75250836120401332 0.61597887626288883 0.060604700231195699 1)
    (color-rgba 0.88963210702341133 0.88963210702341133 0.88963210702341133 1)
    (color-rgba 0.23529411764705882 0.2196078431372549 0.21176470588235294 1)
    (color-rgba 0.50588235294117645 0.59215686274509804 0.10196078431372549 1)
    (color-rgba 1 1 1 4.6663864120431995e-310)
    (color-rgba 0.023529411764705882 0 0.10980392156862745 1)
    (color-rgba 0.019014734774827957 0 0.1061900332570076 1)
    (color-rgba 0.023529411764705882 0 0 1)
    (color-rgba 0.91764705882352937 0.32941176470588235 0.12941176470588237 1)
    (color-rgba 0.97254901960784312 0.97647058823529409 0 1)
    (color-rgba 0.97254901960784312 0.97647058823529409 0 6.9530811095319396e-310)
    (color-rgba 0 0.55882352941176494 1 1)
    (color-rgba 0.10196078431372549 0.10196078431372549 0.10196078431372549 1)
    (color-rgba 0.52549019607843139 0.74509803921568629 0.2627450980392157 1)
    (color-rgba 0.28235294117647058 0.72549019607843135 0.7803921568627451 1)
    (color-rgba 1 0 0 1)
    (color-rgba 0.67647058823529438 0 1 1)
    (color-rgba 0.02166064981949456 0.0015991083759358401 0.0015991083759358401 1)
    (color-rgba 0.87058800000000003 0.32549 0.27843099999999998 1)
    (color-rgba 0 0.47058823529411764 1 1)
    (color-rgba 0.17647099999999999 0.78039199999999997 0.99215699999999996 0)
    (color-rgba 0.73725499999999999 0.24313699999999999 0.16470599999999999 1)
    (color-rgba 0.20000000000000001 0.20000000000000001 0.20000000000000001 1)
    (color-rgba 0.129412 0.45882400000000001 0.60784300000000002 1)
    (color-rgba 0.78039199999999997 0.403922 0.40784300000000001 1)
    (color-rgba 1 1 1 1)
    (color-rgba 1 1 1 1))

# end of colorrc
